100
6 6 2 3
1 7 5
100 1 5 3
1 50 7
0 1 255 3
135 75 169
1 0 1 3
56 27 151
1 0 0 3
1 3 2
1 0 0 3
13 12 13
255 0 0 2
100 200
255 0 0 3
111 220 125
255 0 0 3
0 169 255
255 255 255 3
255 0 255
2 2 254 3
255 0 255
255 255 0 1
13
179 170 116 3
115 78 35
59 11 13 2
11 7
129 68 40 2
54 101
111 17 17 2
29 41
108 0 0 3
43 49 20
219 42 26 3
58 32 44
60 0 1 2
34 27
6 5 4 3
4 10 15
158 24 42 2
121 115
29 17 13 2
3 32
255 123 73 3
81 240 92
47 10 7 3
109 24 13
78 83 60 2
74 71
138 5 4 2
79 97
39 14 8 3
73 23 121
27 8 8 3
18 37 63
95 37 50 2
164 29
131 117 70 3
39 104 116
238 1 1 3
44 99 146
101 73 62 3
14 75 24
52 31 61 2
2 12
255 39 24 3
77 47 121
129 20 13 3
66 74 51
66 2 2 3
11 2 37
92 1 1 2
8 36
255 5 4 3
162 75 96
159 5 11 3
28 222 95
14 0 0 3
18 6 32
107 13 16 2
31 16
38 31 29 2
34 44
161 12 13 3
76 107 132
8 0 1 3
10 1 0
134 8 11 2
31 39
124 79 76 3
40 92 83
55 117 72 3
21 32 157
198 53 36 3
15 132 107
88 15 20 3
2 11 29
139 2 1 3
68 91 44
23 3 5 2
20 5
79 6 7 3
24 21 14
46 2 1 2
32 5
127 76 39 2
148 149
17 11 8 2
7 12
47 12 21 3
30 58 20
255 186 114 2
144 27
255 48 40 3
88 27 108
122 69 52 2
217 63
88 51 41 2
10 120
255 82 58 3
146 150 110
181 79 100 3
27 54 7
76 10 17 2
13 32
231 46 30 2
150 1
214 27 38 2
49 27
255 157 84 2
98 12
122 50 33 3
80 65 183
31 57 56 2
30 33
96 6 12 3
55 38 25
145 43 23 2
26 103
255 37 40 3
125 34 148
4 10 13 2
18 7
146 10 13 3
47 58 56
226 200 117 3
121 54 237
21 0 0 3
29 1 30
255 31 24 3
91 107 165
161 0 0 3
80 118 35
98 8 5 3
41 69 3
216 2 1 2
5 109
232 43 55 2
59 8
39 0 1 3
17 2 9
10 13 7 3
4 10 6
31 8 5 3
30 9 6
71 63 40 2
57 44
222 6 9 2
37 94
142 7 10 2
36 31
109 36 35 3
83 84 39
134 39 78 2
93 55
45 17 10 2
22 6
33 153 88 3
3 107 92
43 0 0 3
44 23 20
78 7 4 3
12 7 25
41 4 2 3
6 34 39
29 9 13 2
24 0
33 2 3 3
22 13 16
26 0 0 2
7 5
14 0 0 3
1 30 26
116 2 1 2
30 40
255 15 21 3
4 182 207
11 0 1 3
1 39 15
