100
6 6 2 3
1 7 5
100 1 5 3
1 50 7
0 1 255 3
231 78 250
1 0 1 3
169 27 35
1 0 0 3
1 3 2
1 0 0 3
13 12 13
255 0 0 2
100 200
255 0 0 3
111 220 125
255 0 0 3
0 169 255
255 255 255 3
255 0 255
2 2 254 3
255 0 255
255 255 0 1
13
153 27 19 2
106 87
192 30 23 3
97 142 36
255 17 23 2
125 198
80 76 38 2
86 63
75 0 1 2
15 41
150 3 6 3
23 44 119
123 8 8 2
33 61
32 10 16 3
17 14 6
255 155 98 2
198 21
217 102 83 2
101 58
255 83 43 2
139 221
123 58 35 2
133 10
255 92 136 3
142 68 159
22 0 1 2
37 14
254 9 16 3
73 7 49
126 12 8 2
56 103
255 65 64 3
68 1 170
255 20 20 2
117 138
50 47 29 2
123 68
142 22 14 2
43 63
237 85 62 3
20 119 3
205 24 44 3
111 16 95
71 5 7 3
26 29 13
169 33 27 3
75 62 113
255 191 149 3
28 64 0
61 12 13 3
1 53 69
70 11 22 3
12 82 29
36 58 64 3
6 34 1
118 50 40 2
71 26
197 25 23 3
93 80 90
27 0 0 3
5 9 15
52 0 0 3
157 63 53
21 6 4 3
11 0 11
100 66 56 3
3 54 100
91 22 13 2
39 6
164 23 23 2
15 4
31 16 30 2
108 40
69 8 6 3
35 43 45
4 1 1 3
0 2 10
67 16 16 2
15 1
255 5 7 3
33 141 124
40 34 48 3
44 109 95
155 15 17 3
74 39 56
255 77 44 2
111 110
141 82 71 3
55 144 83
39 0 0 3
0 14 21
255 168 84 3
140 150 61
255 167 139 3
62 140 199
255 48 45 2
165 143
55 2 3 3
40 19 30
113 255 177 2
169 13
75 10 12 2
134 8
176 105 68 3
160 141 92
10 0 0 3
0 6 11
168 1 3 2
95 102
105 46 30 3
55 20 78
255 116 78 2
108 34
252 72 37 2
94 49
160 59 32 2
20 10
115 0 0 2
1 28
157 1 2 3
15 119 7
194 37 38 2
19 9
184 98 53 3
27 89 85
255 191 110 3
137 173 115
23 21 15 2
8 22
197 104 143 3
197 43 197
84 81 88 3
98 13 63
8 11 6 3
20 29 28
68 16 9 2
4 23
178 55 55 3
15 77 22
30 0 0 2
4 14
248 190 124 3
60 30 121
15 3 3 2
11 3
255 135 133 2
99 61
255 34 18 2
104 83
58 2 1 3
127 27 1
255 2 2 3
28 29 80
28 31 17 3
20 21 21
224 33 50 3
56 49 65
194 18 26 2
66 138
166 60 32 3
121 124 122
255 129 99 3
24 24 37
103 125 81 3
70 30 101
137 18 14 3
2 28 83
255 41 76 3
98 97 59
255 35 23 2
72 136
30 4 7 3
2 15 35
113 1 1 2
29 25
