100
6 6 2 3
1 7 5
100 1 5 3
1 50 7
0 1 255 3
184 79 23
1 0 1 3
237 119 186
1 0 0 3
1 3 2
1 0 0 3
13 12 13
255 0 0 2
100 200
255 0 0 3
111 220 125
255 0 0 3
0 169 255
255 255 255 3
255 0 255
2 2 254 3
255 0 255
255 255 0 1
13
71 2 1 3
23 14 21
7 26 18 2
25 0
44 20 17 2
19 23
49 4 3 3
1 1 27
188 7 14 2
33 55
135 21 14 2
25 73
192 3 5 2
153 20
76 5 3 3
14 23 2
255 255 175 2
168 21
245 68 44 3
84 124 122
64 20 13 2
25 5
181 45 26 2
2 44
17 16 9 2
26 9
255 188 108 2
64 157
86 99 66 2
9 15
255 68 45 2
92 197
155 22 15 3
35 24 115
12 1 1 3
10 5 8
107 31 24 2
45 87
68 20 34 3
3 29 87
63 6 3 3
63 52 37
128 1 3 2
10 62
174 5 6 2
154 43
65 34 41 3
45 35 66
100 77 40 2
50 47
115 5 10 2
179 114
244 25 29 3
161 124 97
139 7 4 3
18 10 50
255 74 125 2
96 72
118 27 49 2
124 69
247 10 8 3
87 72 125
255 15 8 2
24 11
49 93 72 2
47 22
193 89 65 2
182 172
126 119 120 2
98 81
88 2 3 2
81 75
162 11 8 2
12 47
29 2 1 2
11 4
78 93 65 3
201 210 150
233 59 37 3
104 116 155
255 131 118 2
150 16
234 223 150 2
65 117
135 18 16 2
85 2
255 17 29 3
125 72 24
11 7 5 3
9 4 16
255 45 88 2
132 2
255 25 15 2
51 8
206 47 26 2
74 22
163 34 18 2
75 72
197 0 0 3
115 96 134
56 18 14 3
1 8 27
171 5 3 3
104 166 45
218 5 9 2
24 78
73 133 69 3
54 15 58
204 4 6 2
40 106
175 26 29 2
3 83
124 101 80 2
104 3
106 10 19 3
161 73 13
63 5 3 2
33 39
200 1 3 2
50 96
82 85 133 3
2 154 64
255 207 106 3
112 12 32
30 0 0 2
26 5
49 9 8 2
11 19
40 22 18 2
20 4
22 34 25 2
5 53
137 17 9 2
83 31
121 0 0 2
96 5
39 11 6 2
6 21
14 4 6 2
8 15
249 7 7 3
214 217 132
23 42 33 3
85 36 19
176 138 123 3
193 43 196
255 128 90 3
82 25 47
118 129 90 3
38 54 81
80 0 0 3
45 32 44
114 72 86 3
15 105 28
109 13 14 3
6 19 22
255 173 91 3
166 71 171
76 22 19 2
3 33
83 37 53 3
74 99 54
185 6 13 3
63 12 76
74 59 85 3
67 98 140
197 255 157 2
100 190
158 3 7 3
15 68 82
64 3 4 3
13 104 153
124 100 59 2
170 222
255 14 9 2
252 45
