100
3 1 5 15 13 11
3 0 8 23 22 21
2 2 5 21 8
2 2 0 17 22
3 2 1 14 16 0
1 0 8 6
1 1 2 24
2 0 5 4 4
2 0 8 21 28
1 0 10 17
2 1 3 5 6
2 0 7 11 17
1 0 5 11
1 0 7 18
3 0 10 30 4 26
1 0 10 30
1 0 6 14
3 0 0 0 0 0
2 0 8 9 8
3 3 4 18 21 5
2 0 2 12 15
3 0 5 30 11 24
2 2 2 9 16
1 0 1 0
2 0 7 28 14
1 0 8 20
1 1 1 13
3 3 0 26 16 4
1 0 3 23
2 1 6 8 30
3 2 3 6 6 6
3 2 0 30 2 15
2 0 8 20 21
2 0 8 20 16
1 0 8 20
1 0 7 2
3 3 5 25 11 28
1 0 0 30
3 0 3 11 30 21
2 1 2 2 3
3 3 6 14 4 23
3 3 2 26 25 5
1 0 6 15
3 0 9 23 14 30
1 0 2 5
2 0 5 13 19
1 1 7 5
1 0 6 26
1 0 7 0
3 0 2 28 3 3
2 1 2 12 3
3 3 8 15 18 8
1 0 2 0
2 2 3 24 12
1 0 7 8
1 1 7 7
3 3 9 23 24 11
1 0 8 21
3 0 5 2 11 18
3 3 10 14 15 19
3 0 1 29 20 16
3 0 6 2 14 15
3 1 8 7 3 21
1 0 6 15
1 1 8 19
1 0 4 8
2 0 2 30 3
2 0 7 26 15
1 0 2 3
1 0 2 2
1 0 4 6
1 0 2 2
3 0 3 9 24 26
3 3 1 4 3 25
1 0 4 26
1 1 4 28
2 1 9 24 23
3 0 4 17 13 19
2 1 5 12 11
3 0 8 21 20 21
1 0 6 14
2 1 8 16 18
1 0 8 10
3 3 8 2 8 4
3 0 1 11 7 25
3 0 7 18 8 18
1 0 9 16
1 0 7 18
1 0 5 8
1 0 10 26
2 0 4 8 8
1 1 5 2
1 0 6 14
3 1 0 6 26 11
3 0 4 24 8 0
1 0 10 26
2 2 6 12 24
3 0 9 24 23 24
1 0 2 2
2 1 0 21 19
