100
36 17 236611115 168
236595136 236595372 236595480 236596135 236596410 236597154 236597190 236597222 236597377 236597605 236598208 236598845 236599896 236600507 236600796 236601165 236601332 236601892 236602428 236603257 236603637 236603669 236603704 236603821 236604333 236605218 236605429 236606241 236606630 236607113 236607232 236608041 236608847 236610548 236610699 236610776
12 98 96 96 90 99 91 90 40 86 83 99 94 85 59 84 95 56 35 99 97 62 45 61 60 47 68 75 84 6 75 27 45 46 68 3
48 9 867809290 595
824113 4366753 21392065 51945650 52330869 867759927 867760557 867760923 867760974 867761452 867763804 867764774 867766678 867768074 867768916 867772657 867773283 867773799 867774051 867774523 867776918 867777147 867778391 867778792 867780291 867780408 867780795 867780801 867783669 867784010 867785067 867786894 867788411 867789003 867790401 867790661 867791878 867792137 867792426 867793119 867794538 867796181 867796405 867798453 867799407 867801019 867803172 867805357
79 45 53 27 67 11 76 51 9 49 68 15 42 42 20 29 72 24 92 25 3 96 48 14 18 43 87 46 14 33 27 12 2 31 30 31 22 26 4 2 11 17 17 9 100 12 3 6
33 33 586984254 902
586896952 586898847 586900702 586901561 586914122 586914289 586916507 586920831 586921370 586923294 586923543 586928588 586928992 586929424 586931905 586933516 586934478 586943111 586945356 586949702 586949779 586952185 586953690 586953770 586956726 586958182 586958401 586960447 586964626 586966119 586972746 586973122 586974189
97 95 93 92 78 78 76 71 70 68 68 62 62 61 59 57 56 46 44 39 39 36 34 34 31 29 29 26 22 21 13 13 12
29 24 963739205 520
963689423 963690697 963692230 963694740 963699154 963700722 963703553 963703646 963705117 963706672 963709227 963710330 963710458 963710564 963717622 963720821 963723547 963723626 963725493 963726185 963729358 963729662 963730361 963734916 963735186 963735240 963735596 963737701 963737810
100 48 100 72 88 80 32 9 66 88 80 17 64 90 62 72 86 65 90 79 75 7 5 8 4 61 28 31 1
47 16 880829676 735
880759545 880759763 880762199 880762328 880762643 880762819 880763834 880765681 880772130 880772182 880774473 880776918 880778494 880778946 880780429 880781208 880785987 880786773 880787437 880789789 880790588 880790615 880791958 880792116 880792974 880795389 880801463 880801737 880802609 880803340 880803656 880804581 880806405 880806420 880812095 880812387 880813705 880813831 880813835 880817570 880821881 880822326 880822457 880822744 880823948 880826513 880826987
96 95 92 91 92 91 90 88 78 79 75 72 70 70 68 65 60 58 58 55 54 53 51 51 49 47 38 39 37 36 36 35 32 31 24 23 22 22 21 17 11 9 10 10 8 5 4
4 3 454202686 803
454131356 454154914 454178795 454200395
93 12 79 32
39 30 412208387 412
412168102 412168882 412169467 412169540 412169544 412170488 412173290 412173376 412174820 412176465 412177765 412177880 412180625 412180922 412182195 412182277 412184287 412184372 412185079 412185243 412185647 412188479 412188535 412188815 412188981 412191294 412191352 412192599 412193808 412195472 412196726 412198411 412202902 412203013 412204248 412204319 412204655 412205185 412206961
98 96 79 80 97 56 99 77 50 78 89 13 96 72 46 84 31 12 71 54 21 53 65 16 46 19 19 33 15 6 92 36 22 11 100 4 1 52 2
18 7 941231857 835
941149212 941152090 941158639 941166985 941167578 941169081 941170725 941186664 941186927 941197723 941198864 941203229 941210090 941210903 941223862 941224773 941229439 941230251
88 93 27 98 78 83 5 78 76 70 48 96 68 27 6 31 1 90
12 2 615996606 685
615934838 615946169 615947192 615947684 615954875 615957975 615959082 615963820 615966376 615981083 615987622 615988626
95 83 43 44 28 55 3 84 30 5 3 91
39 25 495290296 724
495218504 495218820 495220385 495220574 495221789 495222727 495226172 495227238 495229191 495230595 495231891 495232827 495234216 495235600 495237026 495237251 495238895 495244515 495250196 495252934 495257384 495257992 495261367 495262865 495263332 495263757 495264638 495267693 495267863 495268973 495269164 495269521 495271753 495273341 495278482 495278790 495280790 495281475 495289417
100 98 97 97 95 94 88 88 84 83 81 80 78 75 74 74 70 64 56 51 46 45 40 38 38 36 36 31 31 30 30 28 25 24 17 15 14 13 1
2 1 839227504 426
7802359 839197235
48 69
30 24 518948869 944
518857213 518862377 518863030 518864765 518864828 518875104 518875997 518880004 518886356 518888435 518888523 518889314 518889617 518908640 518910800 518913121 518914598 518916535 518916853 518919331 518921167 518921756 518923564 518924244 518927259 518935094 518935247 518937326 518938073 518942002
98 92 91 90 90 79 78 73 67 65 64 64 63 43 41 38 37 35 34 32 30 29 27 27 23 15 15 13 12 8
48 10 321195055 551
17739690 321141956 321142023 321143984 321147317 321149055 321149941 321151382 321152525 321153224 321153998 321154206 321155701 321156015 321156516 321156951 321158207 321158738 321166795 321167265 321167627 321168573 321170014 321170380 321170660 321170756 321171476 321173901 321175642 321176355 321176949 321177285 321177634 321177987 321178886 321180907 321181740 321184152 321184691 321185426 321186660 321189367 321190153 321192055 321192279 321193219 321193771 321194274
100 97 97 93 87 84 82 80 78 76 74 74 72 71 69 70 67 66 52 50 50 49 46 45 45 45 43 39 36 33 33 33 31 31 30 26 25 20 19 18 16 11 9 6 6 4 3 2
21 5 210898103 811
210820088 210824693 210825140 210838090 210838440 210843273 210851204 210852482 210857168 210860598 210867558 210876211 210876390 210880829 210883237 210883454 210883975 210886659 210888387 210888669 210895284
97 72 95 48 8 22 19 87 24 13 18 28 21 83 11 80 71 99 3 53 23
50 25 709447912 498
709398697 709400501 709400601 709401115 709401346 709402266 709402380 709403004 709404881 709405046 709406447 709406545 709406629 709406657 709408396 709409498 709410351 709410876 709415591 709416322 709416500 709416994 709417284 709417877 709419065 709420366 709422488 709424184 709425521 709425816 709428016 709428262 709429156 709431021 709432425 709432812 709433385 709434477 709435787 709436158 709436574 709439687 709440506 709441510 709441851 709444777 709445642 709445759 709446194 709446731
99 99 97 99 94 100 97 100 100 98 85 89 87 97 84 83 78 78 98 100 77 91 80 81 73 21 39 35 22 36 22 3 37 30 7 29 22 4 10 18 21 12 10 3 1 2 1 1 1 1
30 17 438885837 947
438791759 438792116 438795989 438798449 438800394 438800490 438803428 438810975 438812320 438813714 438814225 438817933 438818344 438828274 438834199 438837368 438845889 438847006 438847330 438851967 438858597 438861698 438864125 438865632 438867396 438868499 438870255 438873693 438877592 438881948
100 100 99 100 100 99 90 98 99 88 81 95 100 89 73 97 46 45 89 41 34 74 99 55 49 93 44 82 74 64
38 15 706383817 339
706350114 706351176 706351563 706351593 706352202 706352360 706353523 706355756 706358316 706359400 706359702 706359753 706361485 706362446 706363000 706363301 706363548 706365517 706366008 706366264 706368264 706369525 706369912 706370448 706370503 706373990 706374243 706375370 706377270 706378334 706379167 706380819 706380952 706382477 706382539 706382952 706383213 706383271
100 97 100 100 95 100 90 92 92 80 91 94 42 92 19 66 64 83 98 70 58 70 60 67 77 50 68 57 64 90 84 69 84 31 78 70 68 1
16 1 684189315 66
684182820 684183305 684183814 684184789 684185047 684185133 684185346 684185544 684186313 684186700 684186985 684187159 684187160 684187603 684188498 684188781
100 36 49 57 64 82 94 62 59 22 78 31 29 80 58 100
35 4 751684664 241
23942671 751661406 751663016 751663923 751664259 751664412 751664636 751664892 751666048 751666072 751666418 751667553 751669220 751669228 751670205 751672278 751673091 751673486 751674032 751675711 751675907 751676091 751676187 751678021 751678103 751678411 751679013 751680128 751680850 751681119 751682835 751682914 751683015 751683352 751683732
100 96 89 87 85 84 83 82 77 78 75 70 64 64 59 51 49 46 44 38 36 35 35 28 27 25 23 19 15 14 8 7 6 5 3
6 4 571611941 448
571580288 571581697 571593858 571600553 571600708 571608789
81 62 92 28 43 63
38 20 363573049 217
14808518 363552186 363552666 363553058 363553415 363553746 363554292 363555503 363556882 363557178 363558124 363558389 363558564 363559610 363560638 363560748 363561380 363561475 363562127 363562250 363562746 363562784 363565220 363565332 363565451 363565484 363565857 363566924 363567511 363568397 363569144 363569210 363569551 363570361 363570397 363571238 363571754 363572414
33 100 100 76 94 20 100 98 82 83 84 100 83 76 76 96 86 18 91 55 55 78 83 80 40 5 84 44 62 30 69 50 44 9 31 59 16 9
45 12 24873420 189
694398 24855575 24855971 24856523 24856844 24857181 24857346 24857407 24857589 24857811 24858252 24859018 24860077 24860457 24860691 24861052 24861567 24862013 24862032 24862213 24862470 24862495 24865764 24866701 24866826 24867325 24867511 24867606 24868514 24868741 24869235 24869285 24869590 24869982 24870026 24870344 24870718 24870779 24871234 24871321 24871383 24871390 24871969 24872267 24872436
91 59 84 85 1 44 16 89 89 42 54 88 14 75 84 100 8 73 2 74 36 89 22 2 19 67 93 16 25 11 12 21 7 7 4 1 3 4 6 6 10 68 41 34 51
42 16 701269485 188
701252067 701253605 701253818 701253857 701254001 701254491 701255735 701256217 701256326 701258214 701258446 701258927 701259005 701259364 701260828 701260857 701261013 701261161 701261264 701261304 701261516 701261578 701261655 701262013 701262384 701262447 701262526 701262532 701263011 701264696 701265208 701265474 701265746 701266004 701266225 701266306 701266462 701266851 701267152 701267827 701268341 701268388
93 97 93 90 5 97 81 77 74 68 63 58 63 96 65 96 74 22 12 57 75 44 85 64 56 66 46 63 29 65 70 4 99 72 55 93 69 58 4 52 5 14
13 8 767812506 210
93005157 105842408 767794020 767794356 767796038 767796161 767796820 767798083 767801781 767803129 767803558 767803705 767806494
71 98 99 92 86 88 17 76 51 37 45 49 12
33 7 347443104 682
347375753 347377022 347378730 347378755 347381016 347381976 347385651 347387238 347391187 347391203 347397534 347399053 347400020 347400032 347401161 347402148 347404395 347404696 347405253 347406864 347409559 347410296 347414130 347416225 347418472 347419943 347422496 347427985 347434893 347435839 347439109 347441724 347442040
39 56 88 81 30 94 82 26 19 35 6 19 67 95 72 32 96 53 36 41 33 2 16 33 29 2 89 49 5 7 2 1 41
49 36 499531406 350
499497179 499497470 499502723 499504417 499505182 499505215 499505408 499505556 499508128 499508525 499508643 499509556 499510144 499511161 499511985 499512374 499512436 499513102 499513153 499513194 499514214 499514993 499516174 499516831 499516924 499518257 499518260 499518769 499519096 499519653 499519872 499521136 499521413 499521965 499522286 499522725 499522878 499523663 499524853 499525623 499525726 499526891 499526893 499527520 499528147 499528288 499529775 499530384 499530452
100 97 89 87 96 91 93 50 15 82 70 65 77 77 64 60 39 42 90 41 87 52 38 28 67 59 7 49 28 13 39 23 3 80 34 89 50 45 15 8 87 17 47 8 23 36 70 1 2
5 2 271357143 676
271317703 271327923 271350914 271351814 271356254
59 44 10 8 2
22 5 183345282 378
183309436 183310002 183310224 183310821 183312027 183313173 183314294 183315412 183315954 183316175 183316519 183318353 183319952 183321092 183321110 183321284 183324724 183327763 183335631 183338209 183340329 183343205
97 96 60 98 14 14 80 56 81 80 31 73 79 82 36 96 14 88 73 74 10 5
45 14 308998970 594
308941323 308941784 308942066 308943108 308943118 308943631 308943775 308943857 308945173 308946495 308946782 308946862 308946920 308949069 308950339 308950381 308950604 308950968 308951165 308951288 308953340 308956794 308957683 308958183 308960457 308962070 308962597 308964945 308966650 308969933 308970406 308970419 308974325 308978113 308980122 308985729 308985789 308986164 308986286 308986603 308986923 308988470 308993446 308995286 308997884
98 97 96 95 95 94 92 93 91 89 88 88 88 85 82 82 82 81 81 81 77 72 70 69 65 63 62 58 55 49 49 48 42 36 32 23 23 22 22 21 21 18 10 7 2
32 1 590906624 777
41038326 590836308 590836827 590838440 590840585 590845483 590845871 590850577 590852560 590853364 590857051 590859014 590859199 590860288 590862728 590864741 590867095 590868525 590871168 590873572 590874122 590877489 590877545 590882432 590884561 590886561 590892347 590892727 590896600 590898547 590898626 590901277
100 90 90 87 84 78 78 72 69 68 63 61 61 59 56 53 50 49 45 42 41 37 37 31 28 25 18 17 12 11 10 6
45 36 681072746 315
681041457 681041629 681043559 681043734 681044015 681045916 681046295 681046544 681049221 681050129 681051180 681051399 681052862 681053959 681055031 681055697 681056117 681056123 681056154 681057181 681057409 681057865 681057951 681059259 681059574 681059656 681061037 681061413 681062947 681062992 681063045 681063139 681063821 681065102 681065202 681065344 681065354 681065507 681068472 681068731 681069601 681070547 681071203 681071339 681071816
100 99 97 18 95 94 97 86 83 95 80 98 67 63 36 29 33 63 74 95 97 81 35 76 35 45 8 53 43 88 39 23 24 92 8 37 29 3 12 75 72 3 50 44 30
4 1 416746992 418
416711429 416726143 416727964 416731330
100 27 16 80
29 14 687916561 14
687915170 687915281 687915294 687915323 687915462 687915467 687915640 687915758 687915783 687915830 687915875 687915892 687915895 687915991 687916055 687916097 687916117 687916201 687916237 687916346 687916354 687916382 687916384 687916419 687916441 687916450 687916461 687916471 687916507
100 92 97 95 74 99 77 88 39 38 18 67 67 73 83 96 54 65 94 73 71 1 2 4 2 52 5 14 2
17 13 436691600 284
436664198 436666326 436666857 436670370 436670564 436675055 436676715 436677303 436677944 436677971 436681165 436683708 436684755 436685579 436685712 436686127 436687831
96 88 87 75 74 59 53 51 49 48 37 27 25 21 20 20 14
28 20 658758103 356
15833147 658726602 658727946 658728976 658731922 658734203 658734306 658735665 658736433 658737032 658737870 658739724 658741700 658741751 658743355 658746845 658747257 658747787 658748377 658749194 658750128 658751087 658751163 658752457 658753047 658753809 658754870 658755333
44 47 94 95 89 63 90 79 49 1 95 48 17 12 11 98 95 51 68 68 3 39 2 94 6 43 8 100
41 15 771442229 287
7736130 40296155 771414498 771414911 771415424 771416002 771416796 771418533 771419161 771419395 771420639 771420748 771421861 771422031 771422868 771423331 771423569 771423750 771423893 771424425 771427180 771427258 771428454 771429366 771429416 771429723 771431430 771431465 771431546 771432769 771433683 771434226 771434440 771437628 771438016 771438266 771438951 771439619 771440642 771440917 771441005
57 48 100 22 98 4 30 96 33 34 94 11 35 67 81 45 11 17 20 12 25 28 46 26 10 53 18 56 29 24 47 80 46 2 14 1 2 1 4 5 1
3 2 37772856 951
37739034 37747613 37771006
37 44 3
10 2 82664761 814
82584388 82591795 82594703 82608425 82619253 82625183 82626544 82631434 82654949 82659150
98 89 86 69 56 48 46 40 12 7
29 12 94035973 418
93995187 93998039 94000873 94002083 94003014 94004714 94007532 94009993 94010045 94011190 94013526 94013873 94013943 94017143 94018167 94018640 94018878 94019345 94019515 94020957 94021444 94022004 94023404 94023684 94028360 94030578 94030967 94034335 94034854
99 94 95 36 86 84 3 36 78 9 70 70 49 63 89 57 26 43 39 53 71 17 92 19 62 13 80 15 1
25 2 672847093 354
51376390 672813844 672816567 672817895 672817902 672821167 672823812 672824065 672824212 672824511 672824965 672829333 672833581 672834611 672836592 672840811 672841342 672841997 672842861 672842878 672843217 672843352 672843364 672843660 672846144
100 94 87 83 83 74 66 66 65 64 63 51 39 36 30 18 17 15 12 11 11 11 11 10 3
49 31 358993583 691
358925129 358925859 358926277 358928649 358931089 358933687 358934314 358936962 358937234 358938357 358938902 358939299 358940357 358942948 358943145 358946404 358947129 358948265 358950823 358951747 358953426 358955368 358956197 358957236 358958427 358961638 358961794 358963528 358965589 358966383 358967727 358970254 358970806 358970986 358971289 358971396 358973440 358975661 358976106 358977742 358979766 358982403 358983707 358983890 358986211 358986612 358988026 358988525 358992822
100 48 98 98 100 57 86 85 83 38 86 12 62 74 39 72 78 51 51 86 4 35 20 68 96 76 48 86 32 42 37 90 10 21 15 80 27 78 8 2 24 7 58 87 7 70 1 5 53
18 9 509942550 144
27439740 509931442 509931552 509932587 509933669 509935558 509935691 509936128 509936573 509936716 509937138 509937917 509939066 509939515 509939722 509939846 509941277 509941748
98 92 9 46 74 3 90 87 95 90 74 13 74 14 26 13 71 54
49 32 992708539 646
992644372 992644407 992646991 992647422 992648785 992649813 992652273 992654816 992655111 992656257 992659134 992660326 992662780 992663786 992665333 992668056 992670339 992671191 992673077 992673621 992674460 992676076 992676549 992677705 992678443 992679724 992683761 992684467 992687084 992688095 992688320 992693489 992693968 992694451 992695133 992695184 992695578 992696533 992696853 992696997 992701609 992702808 992705071 992705388 992705672 992705782 992707363 992707643 992707744
100 100 99 99 76 21 87 90 94 74 49 82 9 34 16 76 68 69 10 67 43 69 48 74 33 9 16 25 16 31 39 20 13 8 32 98 6 6 12 6 10 8 47 80 2 78 1 1 1
28 9 163321259 311
5856215 163292975 163293281 163293811 163294732 163296720 163297324 163300375 163300844 163302266 163303405 163305892 163306564 163307112 163307192 163308136 163308280 163309052 163309242 163310740 163311430 163311804 163315045 163316313 163316353 163317234 163318656 163319188
44 5 21 36 92 98 10 56 95 42 11 37 19 2 38 20 52 36 39 24 45 7 18 50 15 12 70 2
31 28 176068718 277
176041968 176043840 176045442 176047263 176047692 176048639 176048684 176049582 176051332 176051590 176055370 176055489 176055594 176056121 176056513 176056600 176057717 176058198 176059267 176059292 176060322 176061560 176061589 176062276 176062542 176063404 176063414 176066199 176066764 176067117 176067453
1 72 94 79 25 70 81 40 78 17 59 58 31 90 94 18 84 80 21 30 73 88 36 65 68 88 51 6 1 2 82
16 10 610759353 22
610757240 610757364 610757415 610757756 610757820 610757949 610758287 610758305 610758380 610758617 610758648 610758650 610758819 610758867 610758962 610759179
97 97 97 53 9 26 18 74 72 84 51 84 67 15 3 30
46 9 978076106 712
29528559 35847129 52281590 52335850 978008345 978008929 978009019 978010215 978013759 978013830 978016649 978020358 978027646 978029682 978034183 978034931 978036401 978036777 978037695 978037808 978039007 978040044 978040108 978040439 978040727 978041199 978041341 978043607 978044369 978045665 978046828 978049443 978051389 978053704 978053986 978054172 978054692 978054904 978055802 978057092 978059274 978059720 978062708 978062901 978068799 978073484
95 86 14 45 100 19 96 55 52 46 88 50 52 43 20 31 52 83 4 98 11 94 41 10 68 35 29 97 84 14 60 11 48 18 6 1 13 13 17 23 9 71 18 47 39 1
23 17 399481703 109
399470830 399472002 399472285 399472317 399472692 399472744 399472814 399473399 399473687 399473739 399474196 399474270 399474401 399474476 399475705 399476433 399476743 399477490 399477626 399478175 399478335 399478619 399481576
100 95 93 89 93 83 92 91 23 98 91 84 85 46 89 12 77 50 66 61 69 1 1
42 32 522559683 545
522505430 522506953 522509345 522510303 522510508 522511461 522512276 522513270 522513353 522513518 522515791 522515799 522516464 522516526 522517031 522517789 522519156 522521548 522523268 522525047 522525293 522531479 522531528 522531808 522537605 522537670 522538848 522540464 522541629 522542582 522543395 522544081 522548071 522549895 522551142 522552578 522554041 522554294 522554587 522556190 522558295 522558954
100 98 10 22 94 74 97 93 57 86 88 98 50 43 88 37 93 56 90 89 64 35 97 65 14 79 71 78 15 12 28 54 65 17 24 2 5 51 99 5 37 93
22 3 797074283 853
796990989 796992292 796997249 796998269 797005153 797012970 797016123 797018562 797031526 797031841 797037077 797037526 797038583 797038746 797051707 797052787 797053180 797055220 797060369 797062929 797064196 797065365
98 96 90 90 82 71 69 65 51 50 43 44 41 41 26 26 24 23 16 13 12 11
19 14 852522498 652
852459526 852461000 852466232 852474623 852475929 852476098 852476718 852477249 852478569 852478861 852480260 852480276 852483770 852490793 852498195 852504988 852512698 852517718 852521312
97 95 86 73 71 72 70 69 68 66 65 65 59 48 38 26 15 8 1
29 24 718454063 799
15056582 23743593 718381350 718382666 718382956 718383948 718385511 718386461 718387775 718389037 718392987 718394340 718395224 718401939 718403066 718404978 718408187 718412490 718421517 718425622 718425953 718428981 718438645 718438835 718439053 718446771 718446898 718448725 718450564
81 50 99 93 91 89 39 94 84 25 47 100 20 43 86 61 23 27 33 79 48 27 54 6 18 85 7 5 14
9 2 267958859 987
267876879 267879739 267895404 267896446 267896920 267913641 267926834 267933441 267946809
10 59 10 9 56 3 22 2 74
34 4 817328240 404
8662960 817288565 817289103 817292247 817294448 817295052 817295580 817298754 817298791 817298972 817300375 817301086 817302981 817303083 817306297 817306436 817310783 817312100 817313489 817313669 817316520 817319213 817321034 817321830 817321968 817322785 817323699 817324047 817324495 817326080 817326203 817326853 817327314 817327443
100 99 96 89 83 82 80 72 73 72 68 68 62 63 54 53 43 39 36 36 30 22 17 16 16 14 11 11 10 5 5 3 2 1
39 5 88634397 898
5729517 6748562 88549236 88550644 88550977 88556379 88558918 88560361 88562617 88562876 88562908 88563188 88565656 88569389 88569800 88573359 88574910 88578102 88579525 88583418 88584440 88585524 88586117 88588128 88591385 88594430 88596338 88596493 88604729 88610717 88611415 88611525 88612317 88614673 88618001 88620616 88625647 88626627 88626868
37 55 99 30 99 87 72 75 89 10 73 95 26 31 83 58 46 30 53 44 47 5 87 6 1 23 8 26 6 12 58 5 92 12 25 10 9 8 8
11 3 843044125 394
171967558 193715302 843011177 843016647 843023567 843024687 843027008 843035272 843035442 843039603 843041512
82 37 95 92 11 14 96 10 35 8 6
19 17 856278936 89
856270260 856270374 856271077 856271493 856271752 856272715 856272939 856273004 856273914 856274391 856274484 856274846 856275370 856275417 856275559 856275591 856276122 856276799 856278247
97 97 88 83 81 69 67 67 57 52 50 46 41 40 38 38 32 25 8
21 13 948850325 867
948764035 948764244 948771816 948771988 948773932 948776780 948787172 948796113 948797927 948799998 948803655 948811510 948818465 948821973 948823491 948827012 948830579 948840447 948840890 948840950 948848734
100 100 91 98 96 61 94 85 63 59 60 84 49 82 81 8 14 8 33 75 84
16 13 692500746 278
692473491 692475798 692476450 692478354 692481858 692483655 692488899 692490319 692490758 692491515 692492164 692492313 692493711 692493920 692495223 692500150
100 88 98 98 73 88 30 16 22 39 81 30 47 51 91 43
35 20 846218675 265
846192220 846192328 846192987 846193443 846193564 846194079 846194085 846194190 846194349 846194548 846197260 846197602 846198168 846198847 846199019 846200087 846200250 846200260 846201206 846201226 846201482 846202335 846203111 846203977 846204019 846204602 846204634 846205011 846207405 846207891 846207911 846209025 846213243 846213343 846218085
100 100 98 98 95 99 99 95 98 60 97 93 93 81 90 95 90 71 99 96 98 85 91 83 90 55 58 87 68 58 89 77 23 87 10
29 11 761694379 697
5853596 761625783 761628288 761639711 761640477 761644429 761644516 761647626 761647958 761648696 761649539 761653676 761659282 761659911 761660244 761660408 761667934 761669830 761670940 761672158 761675700 761676266 761682733 761686878 761688588 761690958 761691752 761691935 761693082
13 99 36 85 96 100 91 28 1 17 57 100 11 7 48 95 36 65 32 89 60 87 72 10 34 12 1 99 1
40 31 857548512 429
7060300 857510588 857513138 857513140 857514908 857516628 857517982 857518704 857519917 857520288 857520408 857520783 857521598 857522026 857522200 857523561 857523656 857523836 857523991 857527960 857528480 857529329 857530049 857530828 857530834 857530943 857531005 857535743 857537300 857537442 857538467 857538749 857539188 857540232 857540233 857545011 857545420 857546170 857546625 857547084
38 92 99 97 52 98 99 26 88 78 79 83 25 84 73 68 7 78 55 69 42 89 72 64 41 75 54 16 46 5 92 77 45 60 14 5 52 87 24 3
35 1 762735429 612
762679715 762681307 762683104 762683933 762683956 762684960 762685429 762685814 762686041 762687194 762688295 762692957 762695743 762696502 762697901 762698771 762698986 762701288 762702201 762704669 762707918 762708199 762710286 762712439 762714041 762715539 762716009 762718865 762720554 762721767 762722766 762724618 762729326 762731060 762732000
91 89 85 84 84 82 81 81 81 78 77 69 64 63 61 59 59 55 55 50 44 44 41 37 34 32 31 28 24 22 21 17 9 7 6
41 13 153530606 564
153474261 153474529 153475837 153477342 153477600 153478355 153479385 153482411 153482420 153482895 153486874 153486917 153489351 153492675 153494571 153495027 153497618 153499058 153499903 153500192 153503001 153505428 153505900 153506796 153508454 153508782 153511126 153511181 153514259 153514861 153515497 153517725 153518587 153520619 153523447 153524715 153527002 153527734 153527845 153527914 153529969
100 19 18 35 94 20 30 32 17 44 23 18 61 17 89 61 57 92 18 3 12 13 89 25 39 34 5 14 8 5 7 10 61 2 2 7 2 3 76 4 1
22 15 570484472 446
570441207 570441307 570441350 570441729 570445615 570447048 570450000 570450452 570452308 570458071 570462484 570463910 570464898 570466125 570467807 570470787 570471491 570472059 570475778 570479822 570482349 570483439
99 98 99 100 93 98 81 88 97 94 82 51 100 63 79 37 36 58 84 78 42 28
33 30 280392310 93
8168111 280383354 280383362 280383461 280383690 280383837 280383971 280384630 280384663 280384858 280385052 280385386 280385501 280385642 280385667 280386096 280386126 280386410 280386474 280388371 280388489 280388844 280388944 280389876 280390276 280390448 280390906 280391099 280391585 280391724 280391988 280392033 280392050
100 97 96 95 93 92 90 82 82 81 78 75 73 71 71 66 66 64 63 42 41 38 37 27 22 21 15 13 8 6 3 2 3
4 3 64212760 608
64172178 64175291 64181986 64198277
67 62 50 24
33 25 358457991 275
358431602 358432467 358434367 358434400 358435316 358435757 358435843 358436148 358437764 358439143 358439989 358442115 358442539 358442674 358443319 358443949 358444999 358445447 358445932 358446261 358449231 358449408 358449473 358449776 358450335 358450438 358450773 358451322 358451886 358453696 358455707 358455831 358457633
99 98 88 96 46 82 81 85 56 77 6 75 45 60 56 71 28 50 73 28 31 64 26 42 82 16 53 67 80 69 1 74 35
20 11 485138075 32
485135140 485135189 485135204 485135205 485135232 485135311 485135425 485135657 485135905 485136024 485136232 485136365 485136398 485136751 485136900 485136966 485137022 485137242 485137337 485138035
99 18 90 87 81 87 69 62 17 52 16 7 92 41 88 21 88 25 48 97
19 10 828876914 168
828860901 828862419 828863048 828863226 828863984 828865567 828865586 828869680 828870588 828870822 828871008 828872230 828872507 828873414 828873774 828873935 828874552 828875554 828875722
96 87 83 82 77 68 68 44 38 37 35 28 27 21 19 18 15 9 7
15 2 610402501 104
610392614 610393507 610393727 610394342 610395103 610397360 610397975 610398110 610399168 610399394 610400155 610400492 610401225 610401242 610401297
9 33 92 25 62 42 14 5 31 1 1 2 3 79 11
28 6 275841598 328
275811816 275812394 275815599 275816409 275816864 275817544 275818296 275818385 275818518 275819272 275820307 275820939 275821473 275823982 275826544 275826886 275827863 275828854 275829000 275830355 275832155 275832273 275833553 275833979 275837144 275837273 275837328 275839252
91 90 79 77 76 73 71 70 71 69 64 62 61 53 46 44 41 39 39 34 29 28 24 23 13 13 14 7
29 26 987707952 573
987650661 987651440 987653129 987655159 987657686 987659384 987659468 987668528 987671783 987673380 987673571 987679704 987681852 987682082 987684908 987684919 987686111 987687285 987687510 987688001 987692697 987693220 987695600 987697081 987697806 987698262 987699465 987700879 987706961
100 100 98 96 100 85 86 69 64 96 89 3 57 94 50 71 96 68 38 69 56 64 36 41 77 23 19 1 1
5 2 929950746 646
929897470 929900437 929918132 929937882 929944219
95 13 64 1 9
36 2 858903729 866
19451069 858819376 858819517 858824126 858824434 858825631 858830185 858830928 858831241 858832145 858835954 858837845 858837882 858839854 858849104 858854131 858855291 858857795 858860077 858864526 858865372 858865726 858867138 858869442 858875104 858881152 858881755 858885549 858887282 858887997 858888407 858889134 858893455 858894364 858896376 858900542
16 80 5 35 83 48 61 40 12 2 12 81 28 15 59 51 65 50 33 15 44 41 2 27 34 3 25 2 8 4 15 7 80 6 2 2
25 14 68307594 393
68268603 68271079 68273859 68274557 68276680 68277465 68278834 68279323 68280819 68284624 68285167 68286975 68287203 68288297 68293328 68293480 68293510 68296736 68297979 68298643 68299277 68299888 68300061 68300853 68303061
100 92 86 85 79 77 74 72 69 58 58 53 52 50 37 35 35 28 25 23 22 19 20 18 12
36 13 218541477 551
13124692 218497188 218498165 218498358 218499942 218500290 218500580 218500629 218500949 218502673 218504998 218505061 218506018 218506915 218508732 218512833 218513520 218513794 218515036 218515461 218516349 218517759 218518064 218519313 218519600 218519736 218520877 218522195 218523524 218523772 218524807 218527857 218528683 218532654 218534815 218540543
72 90 67 94 92 78 85 99 86 55 46 21 79 69 89 52 78 88 58 81 95 96 82 99 78 9 5 74 1 45 33 18 100 2 9 46
39 25 170676595 633
170614072 170614119 170616354 170618040 170618545 170620188 170624633 170626705 170628759 170629941 170630411 170634805 170635154 170635571 170636447 170643508 170645899 170647520 170648422 170648512 170650114 170650213 170651687 170653165 170658874 170661633 170662703 170662988 170663390 170663548 170664488 170669643 170669834 170669947 170670144 170673887 170674119 170675051 170675102
99 99 96 93 92 90 83 79 76 73 73 67 65 65 64 53 49 46 45 45 42 42 40 38 28 23 22 22 21 21 20 11 11 11 11 5 4 3 3
4 2 931093272 948
931035919 931064556 931081957 931087209
63 29 7 47
12 3 433935789 399
433896031 433898773 433904819 433906644 433908778 433909843 433911486 433920817 433923415 433927440 433927671 433932247
100 98 97 80 89 79 100 72 4 9 59 3
48 46 363292973 227
363270316 363270319 363270338 363270963 363271319 363271418 363271440 363271495 363271531 363272107 363272608 363272674 363272804 363273913 363274064 363275162 363275201 363275600 363275816 363276576 363277129 363278404 363280737 363281524 363281771 363281829 363282287 363282423 363282463 363282915 363283738 363283878 363284197 363284589 363284929 363284954 363285379 363285480 363285649 363286174 363286397 363286447 363286869 363288870 363289332 363289703 363289749 363292270
100 99 100 96 96 95 95 94 95 92 89 89 88 84 84 79 79 76 76 72 70 64 54 50 50 49 48 47 47 45 40 41 39 36 35 35 34 34 33 30 29 28 27 19 17 15 15 4
26 8 968210089 165
29579923 968194039 968196456 968197429 968197438 968197788 968199218 968200122 968200231 968200294 968201128 968201970 968202295 968202458 968202983 968202997 968204079 968204906 968205047 968205329 968205413 968205505 968205776 968208133 968208750 968209665
9 98 87 80 82 32 81 73 59 26 30 40 64 60 41 32 12 52 95 59 95 42 96 30 22 2
25 12 922230829 985
922136582 922145731 922146745 922147267 922152977 922155582 922159924 922167512 922178323 922180294 922181014 922181337 922185607 922187437 922188755 922190426 922192476 922194485 922200357 922203596 922207384 922217713 922217747 922218067 922228483
96 87 86 84 79 76 72 64 54 52 50 50 45 45 43 42 39 37 30 27 23 13 13 12 2
45 31 50720193 534
50666944 50667306 50669698 50669829 50670540 50670978 50671387 50676824 50677093 50677613 50678629 50679115 50679230 50680689 50682645 50683095 50683226 50683790 50686307 50692080 50692499 50696430 50696767 50699835 50700117 50701043 50703842 50704385 50704531 50706071 50706566 50710593 50710972 50711202 50711229 50712121 50713045 50713061 50713668 50713932 50714985 50715031 50717079 50718866 50719154
100 99 94 94 93 93 92 81 80 80 78 76 76 74 71 70 69 69 63 52 51 44 43 38 37 36 31 29 29 27 25 18 17 17 17 15 13 13 13 12 10 9 6 2 2
27 7 700665978 64
700659998 700660514 700660544 700660833 700662180 700662340 700662523 700662576 700662741 700663099 700663284 700663622 700663680 700663681 700663712 700663860 700663898 700664048 700664184 700664192 700664372 700664480 700664495 700664648 700665190 700665481 700665712
94 85 84 81 59 56 53 53 51 44 42 36 36 35 35 33 33 30 28 28 26 23 23 20 12 8 4
50 25 373311932 464
373265827 373265911 373266610 373267410 373268048 373269244 373269367 373269561 373270202 373270628 373270678 373271100 373271895 373272751 373274695 373274859 373275173 373276465 373277784 373278448 373278907 373282933 373282942 373283156 373284905 373285042 373286296 373288119 373288627 373288787 373290326 373290992 373292115 373292653 373292948 373293858 373296503 373297847 373298838 373298868 373299804 373301096 373302717 373305338 373305926 373306249 373306658 373306796 373307168 373307969
100 100 98 96 95 92 92 92 90 90 89 88 87 85 81 80 80 77 74 73 72 63 63 63 59 57 55 51 50 49 46 45 42 41 40 38 33 30 28 28 26 23 19 14 12 12 11 11 10 8
47 36 345811469 97
345801840 345802612 345802736 345802799 345802945 345802987 345803017 345803466 345803713 345803730 345803861 345804163 345804195 345804199 345804217 345804658 345805172 345805454 345805969 345806023 345806155 345806448 345806728 345806817 345806892 345807152 345807705 345807766 345807972 345808455 345808705 345808830 345809019 345809328 345809536 345810086 345810435 345810598 345810736 345810760 345810808 345810817 345810926 345810945 345811133 345811174 345811205
100 55 12 37 100 85 56 29 90 84 17 48 50 51 2 90 65 96 33 34 4 77 75 17 71 5 37 30 61 94 62 26 13 1 3 8 62 8 56 4 6 2 7 10 3 4 2
40 8 486791832 846
888517 486718601 486724271 486725023 486728322 486729446 486729791 486730535 486731710 486732282 486735519 486735668 486737743 486739507 486740580 486743912 486744379 486745239 486747529 486748251 486752581 486760155 486762001 486763209 486763624 486764136 486764813 486767226 486767841 486768461 486772668 486775664 486779511 486780337 486781307 486782553 486783033 486783327 486786764 486788255
53 93 33 19 9 73 98 95 9 80 46 11 9 36 35 41 48 46 36 61 19 9 17 24 26 18 26 59 24 8 6 18 28 9 31 1 53 12 4 2
20 12 732127795 894
34520964 732053740 732062594 732063620 732070906 732074251 732074410 732074506 732078204 732080133 732085513 732085671 732091898 732094115 732094350 732095229 732099528 732111559 732118918 732120174
100 83 72 72 63 59 59 60 56 53 48 47 40 37 37 36 31 19 9 8
39 33 631090156 813
631018664 631019793 631024549 631025627 631025935 631027197 631028628 631035656 631036236 631036707 631037344 631037901 631038524 631039836 631041268 631041859 631041965 631042587 631051141 631051259 631054991 631055011 631056350 631057291 631059551 631065133 631066277 631066687 631066918 631068968 631072518 631074178 631074677 631074766 631075386 631079302 631080356 631085925 631086016
94 100 82 39 90 85 76 94 99 80 56 35 88 94 50 63 60 70 75 70 46 77 96 8 78 28 19 93 31 48 90 8 7 79 41 20 50 83 31
18 7 399847433 776
14151407 34286912 119349203 170253712 399789208 399790124 399798754 399801931 399816763 399820064 399820632 399822192 399827362 399832777 399841581 399844179 399844698 399845643
16 24 92 95 66 67 40 61 3 2 10 30 16 31 7 3 89 90
36 34 886321350 410
886280526 886281166 886281563 886282223 886282457 886285989 886286606 886286889 886286919 886287203 886291140 886293196 886293753 886293930 886294373 886295852 886296425 886296847 886302171 886302747 886302961 886303057 886303444 886303863 886304383 886304653 886305733 886305895 886307454 886309829 886313383 886317129 886317579 886317818 886318215 886318437
100 99 67 78 95 29 85 84 88 91 6 24 28 70 97 39 3 89 50 38 14 64 21 70 81 44 42 56 19 10 5 22 7 1 6 6
6 2 472565240 37
56692718 472562142 472562526 472563307 472563338 472564236
75 8 89 94 29 20
4 3 252906861 643
16627982 150056258 165148269 252884404
46 89 90 54
49 10 306813502 870
2671015 306726723 306729259 306729943 306730194 306731036 306731434 306732046 306732694 306734680 306734790 306735198 306736486 306737954 306739240 306739773 306740789 306741307 306741778 306742673 306742841 306744575 306745120 306745322 306746961 306749647 306751483 306752413 306754724 306756718 306758909 306759504 306759661 306763276 306768087 306771331 306773759 306780844 306784733 306791356 306791930 306795835 306798407 306799891 306802411 306806420 306808218 306811961 306812104
100 100 97 97 95 95 95 94 93 90 91 91 89 87 86 85 84 82 83 81 82 79 79 79 77 74 71 71 68 66 63 63 62 58 53 49 46 38 34 25 25 21 18 16 13 9 7 2 2
9 5 276499586 213
276478292 276479497 276480548 276481420 276487944 276492907 276493149 276493482 276494228
99 95 90 86 54 31 30 29 26
50 15 716822987 31
716819894 716819910 716819931 716820023 716820054 716820060 716820085 716820092 716820184 716820198 716820220 716820262 716820384 716820429 716820446 716820479 716820489 716820534 716820541 716820632 716820639 716820659 716820805 716820930 716821062 716821167 716821194 716821234 716821502 716821529 716821602 716821636 716821659 716821749 716821753 716821815 716821870 716821884 716821890 716821936 716821940 716821949 716821974 716822034 716822160 716822169 716822432 716822560 716822630 716822869
99 100 98 95 94 94 93 94 90 89 89 88 83 83 81 80 81 79 78 75 75 75 70 66 62 58 57 56 47 48 44 44 42 39 40 37 36 35 35 33 33 33 33 30 26 26 17 14 11 3
14 9 182601942 565
182548433 182551855 182551883 182558849 182564328 182568730 182569424 182571578 182577104 182586684 182586888 182591510 182595644 182595819
95 89 100 84 100 89 100 72 75 28 46 16 54 1
7 4 644493138 519
644441989 644447713 644467279 644484589 644485652 644486151 644490242
99 98 9 6 3 50 4
16 4 999791643 420
78717366 999757197 999761048 999767961 999768120 999768254 999768604 999768638 999772909 999775298 999779119 999780088 999782196 999785187 999790111 999791088
20 93 6 35 17 34 63 87 63 34 54 46 19 10 80 70
