100
5 3 10 5
0 2 5 6 7
1 1 1 1 4
5 3 10 5
0 2 3 5 7
2 1 1 1 4
5 3 10 5
0 2 3 4 7
2 1 1 1 4
1 0 1000000000 1
1
50
2 2 840727664 957
840707475 840708908
50 95
10 3 697018961 514
696974732 696989872 696992743 696994274 696997983 696998737 696999285 697000135 697011137 697013065
87 57 52 49 41 39 39 37 16 12
8 3 736353752 349
262209828 736322866 736328892 736343835 736344357 736347501 736350190 736352572
36 92 59 91 14 70 5 82
2 1 947258512 703
947218346 947226147
61 96
7 3 644074940 594
644017835 644024892 644026293 644035203 644051543 644059528 644067134
99 93 100 50 46 19 89
4 2 363543480 438
37335707 363537086 363537898 363538788
100 15 13 11
10 1 715510732 78
715503462 715503975 715504086 715504574 715505646 715506186 715506574 715508843 715508968 715509220
96 88 87 87 22 35 10 80 82 23
10 3 89340903 193
89322266 89326239 89326408 89327077 89329275 89329503 89329515 89331147 89337072 89337196
83 84 55 33 20 2 30 15 10 18
6 1 970111028 249
288938270 550450325 970099134 970103870 970105327 970106101
13 28 42 40 7 8
5 3 174145428 648
44639291 174113394 174122818 174126325 174127654
100 50 34 29 27
9 1 976595672 735
56618673 170087809 976539489 976540282 976558151 976563656 976569687 976577868 976591420
20 18 87 67 16 62 8 13 3
6 3 266067331 379
266030002 266032044 266048763 266053006 266063693 266065877
99 94 48 38 10 3
5 1 309018698 398
308979228 308981208 309001542 309003750 309008183
100 98 75 55 68
9 2 262118258 719
262050855 262061630 262063611 262063960 262077879 262079492 262090027 262091263 262108217
68 17 60 85 56 100 18 54 1
10 1 840377862 90
840370383 840372484 840373379 840373538 840373780 840373941 840374284 840375421 840375651 840377726
73 9 27 8 21 43 35 5 7 1
5 3 455636638 226
455618725 455620480 455621637 455626560 455631145
96 35 26 34 6
2 2 940645961 685
940580098 940630263
99 79
2 1 820597303 250
820588614 820596311
35 4
7 1 690009351 671
689944655 689956478 689964735 689970893 689972825 689983774 689994201
96 78 66 57 54 38 22
10 2 743254100 188
743238318 743240398 743240822 743241547 743244805 743248744 743248757 743250377 743252863 743252998
89 84 89 18 67 17 79 12 79 84
2 2 263260828 766
153108291 263207300
66 87
10 3 29295511 173
29281779 29282141 29284748 29285640 29286094 29288455 29291004 29291356 29292451 29294088
87 82 67 81 3 76 6 53 17 1
2 1 671881037 16
671879834 671879997
76 65
3 3 369790414 904
369707350 369757436 369768901
92 36 23
10 3 68489592 39
12769183 68485893 68486363 68486557 68486879 68487027 68487407 68487768 68487991 68489173
8 97 70 21 81 8 44 66 95 2
4 1 800726440 892
73999906 239698808 800680391 800701940
53 71 18 7
2 2 47960412 385
8086036 47945808
100 38
7 2 419810767 440
419786606 419795367 419798883 419802606 419805448 419807084 419807410
11 1 14 48 2 7 6
6 2 919643099 449
919603090 919611613 919616189 919616475 919621140 919630407
82 9 84 73 21 35
5 3 900396012 130
20731882 900388702 900391910 900393209 900394859
90 85 6 6 28
7 1 380051653 36
11150756 176450402 380049067 380049169 380049696 380049972 380050397
100 100 72 69 54 46 34
3 2 951906684 843
951887730 951890646 951898632
23 19 10
6 1 862821041 817
862747352 862770599 862773250 862777740 862792675 862818748
91 62 59 53 35 3
5 3 920575706 613
920514745 920532152 920542330 920554491 920567544
100 35 7 30 19
6 2 167427528 193
27804765 44872289 167415486 167419720 167419794 167421710
17 12 66 12 33 5
9 3 476465327 812
476398138 476407033 476416742 476424084 476429604 476435045 476438277 476449524 476454076
90 42 37 17 97 5 35 10 16
7 2 105643369 884
14348179 105575016 105577242 105600017 105611180 105617435 105640728
39 21 82 75 23 4 1
7 1 82307326 729
82243766 82253948 82254893 82256010 82261180 82289956 82291775
88 13 30 88 13 68 17
9 1 163720686 329
28115122 163698146 163699356 163699741 163706497 163716983 163719521 163719618 163719916
100 68 64 63 43 11 3 3 2
4 2 412523048 894
412459987 412465352 412483921 412485773
71 65 44 41
2 2 1000000000 1000
1 999999999
100 1
4 2 363116740 921
363063287 363074980 363089171 363089445
59 87 99 29
9 3 234133687 454
234088627 234089603 234089965 234097054 234098844 234102056 234106049 234120799 234127431
99 97 96 81 77 69 60 28 13
1 1 1000000000 1000
999900000
100
9 2 943237476 731
943171483 943175183 943176315 943179055 943188306 943205145 943223444 943235538 943235667
94 88 94 93 91 24 7 30 48
7 1 342597285 892
52860110 86124802 342545529 342554190 342576859 342581035 342584171
94 86 87 3 19 9 63
6 1 774086349 423
774046614 774051967 774061477 774064850 774068399 774068476
94 81 58 50 43 42
6 1 683340722 307
683311331 683313280 683316229 683316906 683317213 683332516
9 95 8 41 98 21
7 2 88393485 533
10560091 26531064 88366567 88367147 88368243 88383742 88385135
82 66 28 37 48 11 5
5 2 550500772 985
550411492 550432787 550455342 550483274 550484255
91 69 46 17 16
6 2 226932054 137
226920286 226920374 226921321 226922995 226925406 226925771
100 22 81 76 66 86
7 2 192784731 763
25530723 192753280 192754622 192757556 192772344 192777387 192778458
93 88 64 41 1 18 6
5 1 712839024 377
712802006 712802683 712812579 712819103 712838100
98 96 71 53 2
7 2 162565154 123
2275779 162553567 162555432 162557748 162560236 162562795 162564595
100 95 79 60 39 20 4
7 2 711999364 886
711911217 711919234 711954608 711956994 711970014 711970450 711973469
100 92 31 61 23 53 23
3 3 305652164 474
305606670 305644032 305646679
99 34 63
5 3 243622587 995
243539095 243543966 243559231 243577822 243605737
97 89 99 83 13
7 2 79258899 40
7851976 79255824 79256269 79256988 79257170 79258072 79258567
100 77 66 47 44 21 9
7 1 151114244 571
151061205 151069232 151074597 151078344 151086539 151093639 151104164
97 9 11 18 3 7 7
4 1 230417899 233
230400173 230405985 230413085 230415020
28 72 55 5
7 2 136830512 794
12727073 136772626 136775650 136783391 136796143 136798910 136808692
4 100 48 12 8 54 7
7 1 317955197 261
317931759 317934953 317939699 317939803 317947280 317948330 317953140
90 77 59 58 31 26 7
2 1 932607456 849
932533860 932570896
87 43
9 2 928335443 444
14347269 337404667 358808139 541212086 551687973 586168404 928325790 928330274 928332078
99 28 87 20 17 61 14 51 1
5 3 676360890 461
676324440 676334453 676343143 676345492 676349420
80 64 8 57 51
9 1 170401513 98
33396070 45554910 170395246 170395369 170396013 170398718 170398835 170400212 170400944
72 10 24 63 74 28 14 9 4
7 2 279562256 44
279558283 279559070 279559382 279559823 279560392 279560731 279562185
91 32 26 77 10 6 1
3 1 794942674 135
794932340 794938514 794940142
18 1 1
10 2 658913113 490
658873863 658875102 658875380 658881209 658884570 658885035 658891135 658897375 658903456 658905815
81 77 77 65 58 57 44 33 19 14
9 1 104362186 86
2087249 9205059 104356161 104357542 104357698 104359983 104360591 104361037 104361103
38 55 32 46 75 15 65 13 6
10 1 915783636 673
1333076 915734862 915743323 915744685 915745953 915756838 915762603 915768311 915770727 915777790
23 18 31 56 4 37 5 9 10 7
5 2 56129819 739
56088068 56091945 56092176 56097640 56098876
68 38 47 34 27
5 2 747200783 944
747126334 747134132 747165358 747165619 747171090
80 20 8 8 46
5 1 187767869 511
187725649 187736426 187747284 187747415 187755576
83 62 40 40 24
2 1 305262207 340
67663002 305257085
8 4
4 3 622230111 384
622212548 622217026 622221036 622229562
93 73 45 36
2 1 538144220 878
538070812 538132161
91 39
3 2 487308545 571
487262495 487266062 487275015
80 75 59
5 2 366092760 464
3913816 113700422 366075673 366078323 366090215
89 5 79 13 39
7 1 680960891 585
83475461 101932074 121206016 300447059 680939766 680940378 680954530
4 43 45 78 9 23 4
5 2 448957153 127
448944929 448949047 448949336 448951877 448954092
97 8 1 21 18
2 2 851191395 788
851114289 851118761
98 98
8 3 682376817 703
682324557 682338125 682338177 682353312 682367200 682368575 682369320 682369818
81 88 39 19 48 7 71 6
5 2 222525280 648
222469675 222482200 222485060 222499204 222514038
64 64 27 59 4
10 1 558620183 825
558540923 558541928 558542253 558550896 558556694 558563111 558569588 558575486 558591874 558598768
97 95 94 83 76 69 61 54 34 25
7 3 957469518 245
957447191 957449623 957453396 957454392 957454435 957466260 957468307
91 81 66 61 61 14 4
10 2 836536790 837
836470426 836476063 836476671 836478834 836480023 836483114 836484681 836497834 836498853 836505165
99 16 16 80 15 11 35 85 78 15
6 2 208095599 926
208005099 208005209 208071606 208079807 208082178 208087927
99 19 20 63 88 30
1 1 1000000000 1000
999899999
100
4 2 703750202 640
703689170 703709878 703732839 703737971
49 63 96 48
3 2 899330272 898
899273572 899291513 899295547
79 67 52
3 1 393431656 494
65270965 113929459 277346291
100 100 100
9 1 945487811 397
945449072 945455361 945466889 945467817 945475986 945477822 945480781 945483563 945487403
14 29 27 43 71 24 5 8 82
8 2 16465480 78
55960 16458462 16458741 16458873 16459734 16460474 16462828 16464268
21 99 12 33 68 47 20 8
2 1 431416245 712
431367085 431387639
70 40
4 1 222072197 157
19939118 222057213 222066870 222067910
100 96 33 28
