100
5 3 10 5
0 2 5 6 7
1 1 1 1 4
5 3 10 5
0 2 3 5 7
2 1 1 1 4
5 3 10 5
0 2 3 4 7
2 1 1 1 4
1 0 1000000000 1
1
50
2 1 821041679 265
821022509 821032890
73 34
3 3 853836645 64
853830427 853832875 853836505
98 36 1
10 2 761551959 436
135170 761512152 761513400 761524104 761526552 761533319 761542155 761543925 761544004 761544355
100 91 88 63 58 42 22 19 18 17
10 2 593376287 932
593296334 593310425 593319986 593325304 593331051 593334544 593339545 593346994 593351448 593374321
94 76 83 69 94 86 54 65 83 23
3 2 575695162 222
575674555 575676397 575689110
93 84 27
6 2 961465896 276
961439499 961448859 961462601 961464538 961465133 961465225
96 8 85 1 97 32
2 1 300693490 127
300680931 300687926
99 57
7 2 726621407 793
726576446 726580533 726581192 726584205 726587378 726596281 726606676
64 49 13 2 35 7 12
7 2 943116256 480
943072196 943080684 943097653 943099841 943100223 943110073 943115518
98 87 36 3 18 11 64
10 3 985445337 195
136401396 985428718 985429961 985431540 985434122 985436423 985439359 985441232 985444638 985444850
100 86 78 70 57 46 30 22 3 3
7 2 651519105 661
93820832 201838238 651465758 651474829 651483261 651488993 651501409
82 52 86 17 44 38 11
7 1 416225265 724
22069971 44721598 167771791 171277759 175980499 315059957 416218175
80 28 97 68 64 97 8
9 2 274129441 881
274045184 274046954 274051426 274053193 274053917 274056583 274098635 274112524 274128160
98 95 28 93 77 68 69 15 1
10 1 227310507 508
227260954 227262228 227267377 227272745 227276050 227278696 227279085 227282974 227286563 227307289
98 100 91 85 83 87 62 72 3 20
10 2 972834287 230
972811573 972812369 972813488 972818454 972820487 972824241 972825463 972830939 972832725 972833228
100 52 25 41 94 98 31 79 4 1
9 2 481735229 319
481704161 481704424 481710831 481710961 481711691 481718430 481718830 481721314 481729605
97 97 76 76 73 52 51 43 17
7 1 402907933 704
402839589 402857451 402857523 402865041 402878635 402893140 402898510
97 71 72 60 41 22 13
9 2 900155500 294
11416602 247310904 537575862 900142750 900146932 900148441 900149473 900150246 900151431
10 100 50 30 7 59 2 12 8
7 1 638699878 941
638625171 638628457 638638800 638656655 638661270 638690755 638691603
92 96 44 70 89 51 72
9 2 839184495 977
839115550 839123727 839126381 839144337 839164797 839170075 839176972 839177980 839182584
71 63 59 41 20 14 8 7 2
10 1 517372210 35
517369670 517369943 517370028 517370396 517370465 517370641 517370799 517371575 517371885 517371998
95 82 17 7 30 22 46 10 5 6
5 3 401895889 245
27162376 36312013 92628378 232048482 401889846
86 37 77 73 67
6 2 392351428 168
29183229 29364420 392344233 392348205 392350039 392350833
82 62 88 10 43 2
3 3 405336198 4
41173068 405336093 405336136
55 20 32
3 3 937449575 419
937407936 937431525 937433709
100 96 57
1 1 1000000000 1000
999899999
100
8 2 716049387 702
715995085 716009511 716021957 716027622 716030451 716031011 716031788 716047874
77 56 40 31 27 26 25 2
3 2 552319948 36
552316574 552316788 552319807
100 92 1
10 3 102761543 797
102702191 102703716 102704748 102705898 102715226 102717057 102717460 102725151 102728373 102743136
75 72 71 69 58 55 55 45 41 23
6 3 271373611 632
271323518 271325507 271351811 271358361 271362867 271372895
72 90 11 21 15 1
2 2 363632842 942
363540882 363579525
99 33
7 1 219214137 195
219200549 219203042 219205040 219205575 219206971 219213115 219213621
70 57 47 44 36 6 3
3 3 107418316 173
107402910 107405309 107407715
90 75 62
6 3 531617969 579
531564442 531577930 531584740 531588614 531610342 531614803
97 43 50 20 12 2
5 2 211607002 120
211599018 211599085 211601888 211603996 211604555
91 42 34 23 11
8 3 667914151 319
667886189 667886316 667889366 667899288 667899942 667901143 667902479 667907257
88 87 78 47 45 40 37 22
6 3 222597910 821
222516481 222519020 222523184 222545997 222573957 222590135
100 67 64 90 96 52
6 2 916216833 965
916147753 916166504 916180642 916197508 916208711 916213884
72 65 46 41 68 1
7 2 57178354 372
9218308 57152453 57154253 57157323 57162302 57163147 57166427
100 70 64 56 43 40 32
4 3 189375334 37
189371683 189373597 189374198 189374337
99 46 31 27
1 1 1000000000 1000
999900000
100
8 1 627006378 966
211210664 626936737 626953797 626971118 626979528 626984299 626993513 626996382
100 73 54 37 27 22 13 10
4 2 307580837 246
307572316 307573776 307573897 307578067
35 29 29 11
6 3 830536737 660
830493851 830494372 830494400 830502904 830516332 830522502
68 19 100 28 63 59
4 3 18586687 285
18574945 18577441 18579885 18580553
42 33 24 22
8 2 195400178 583
195349755 195350090 195351824 195356847 195378154 195381163 195384083 195394267
92 97 97 92 75 48 92 7
9 1 262803848 597
262744670 262747570 262751083 262752440 262779872 262787098 262792839 262797880 262797916
100 43 85 92 39 24 3 9 8
2 2 1000000000 1000
1 999999999
100 1
3 2 128206789 322
128178395 128180100 128199907
89 82 22
2 2 817117366 935
817048076 817052496
57 84
10 3 24188398 560
24134422 24136165 24140355 24153780 24162999 24169703 24174587 24180870 24184392 24185186
99 100 86 87 72 61 85 81 64 37
6 3 861741212 420
861705263 861708738 861717086 861719872 861733019 861738542
5 28 78 30 5 3
8 2 620219698 617
45188224 620178216 620183487 620205578 620210637 620213328 620216679 620216846
18 5 64 7 66 7 3 70
8 2 440051002 384
38604124 90026368 440024654 440032980 440034556 440035369 440037536 440041857
44 30 75 35 42 22 62 18
4 3 487454585 187
487435975 487436479 487438718 487440603
100 98 87 94
3 1 612074843 202
612062942 612072885 612074410
58 9 3
9 1 416809458 439
416768369 416770913 416786687 416797519 416798240 416799859 416800975 416806980 416807537
7 96 88 17 6 20 17 3 2
4 2 128860098 206
52188035 128843001 128844934 128858433
28 91 33 1
2 1 6761653 812
6690954 6755676
87 7
8 2 780079943 382
780043884 780048100 780051341 780059763 780064085 780071348 780072080 780075467
98 7 99 17 9 4 99 23
8 3 858508761 204
858488971 858493346 858493826 858496579 858497770 858501291 858501938 858503744
58 83 60 54 17 2 18 10
5 2 736777696 802
736707202 736719405 736726623 736732341 736744953
88 72 63 56 40
7 3 361097034 113
361085943 361087447 361088060 361089085 361091521 361092683 361094472
15 24 58 92 50 9 43
10 2 931328089 266
931302410 931303512 931305502 931307630 931310791 931312081 931314726 931315882 931325931 931326202
97 96 95 84 95 36 92 46 7 42
3 1 637559126 40
637555142 637555607 637557167
99 88 49
4 1 750124370 239
750103769 750107935 750114974 750120452
92 20 24 10
6 1 56092399 67
56086923 56088288 56089054 56089798 56090920 56091481
85 21 13 15 9 40
4 3 411634825 925
79093913 411591134 411592089 411632703
100 48 46 2
3 3 518820378 664
518780333 518794224 518794967
70 78 86
9 2 971232346 466
971188681 971194512 971198816 971202585 971204850 971206963 971211811 971223794 971229572
94 25 58 1 45 40 85 16 4
4 2 624298988 2
23307780 624298850 624298916 624298920
1 79 59 29
2 2 673441800 701
673390677 673417998
85 63
6 2 681812473 607
6112696 681760121 681764498 681769479 681780785 681801612
53 99 10 13 62 1
7 3 710468811 821
34787019 63058185 204530616 710437898 710453805 710454077 710458581
100 100 100 38 18 17 12
8 1 679814456 945
231452610 316215751 458365092 524631682 679764268 679787697 679789823 679790167
95 28 96 18 77 39 6 6
7 2 145354866 463
145318756 145326275 145340540 145345931 145347369 145351149 145351244
93 32 41 49 5 53 7
2 1 882368162 754
882318068 882324672
81 82
5 2 23245828 300
23216284 23220228 23224377 23226271 23239450
99 86 72 65 22
7 3 495724621 528
495692136 495695059 495700882 495705732 495706045 495706615 495713729
62 55 44 35 35 35 20
8 2 166567658 567
166511376 166518054 166519762 166531869 166542500 166547957 166548376 166559448
82 88 7 74 22 19 83 90
6 1 749440471 656
155158714 749383616 749388241 749396959 749402813 749420326
88 96 46 90 36 6
2 2 19139241 745
19109590 19137614
96 64
2 2 531051198 496
531022438 531025331
82 58
7 3 305618608 581
19755958 305599072 305600503 305606514 305610055 305610283 305612646
67 51 2 10 11 3 3
10 3 804253205 480
804206998 804218644 804219897 804220565 804224105 804231353 804241223 804248630 804251195 804251943
97 73 69 68 61 46 25 9 4 2
3 1 870503404 209
99543616 870485450 870499959
79 99 32
6 2 758037356 798
113836779 757974303 757980006 757981123 757999524 758012756
100 80 71 70 47 31
10 2 666868211 221
54063036 128446520 666849670 666850734 666853948 666854063 666855571 666857641 666860385 666864638
4 25 92 41 87 12 17 13 5 67
9 3 26414179 703
26346060 26347861 26349171 26349774 26361167 26370956 26380600 26393489 26412718
97 61 64 98 97 85 57 60 1
10 2 269902165 464
1428908 35189357 269875995 269876644 269878977 269887629 269889485 269891045 269894483 269901496
37 77 61 28 17 28 2 5 10 1
4 1 97491652 516
59704930 97447416 97461273 97476035
51 93 8 69
7 1 299199158 707
299132359 299136403 299153174 299155399 299158431 299159529 299164733
96 37 53 50 55 31 61
2 1 684724233 533
684713032 684718160
50 99
6 2 696293798 586
73227740 696251758 696254599 696266414 696280720 696287028
100 72 66 46 22 11
9 3 879398095 819
879325680 879328558 879328624 879343596 879357735 879371847 879380339 879385930 879390706
82 8 44 44 66 3 97 11 2
10 1 571526682 940
571446522 571447807 571467595 571472378 571479806 571481986 571487045 571514084 571516044 571520424
50 92 2 38 5 41 95 12 2 1
