100
5 3 10 5
0 2 5 6 7
1 1 1 1 4
5 3 10 5
0 2 3 5 7
2 1 1 1 4
5 3 10 5
0 2 3 4 7
2 1 1 1 4
1 0 1000000000 1
1
50
1 1 1000000000 1000
999899999
100
4 3 166775223 111
166767450 166770563 166773138 166774594
71 42 19 5
7 1 846878536 547
15765500 846838910 846840221 846843014 846855093 846862691 846876859
55 5 98 48 28 23 3
2 2 248377161 842
111320143 248343703
87 79
8 3 227024658 926
25805494 226940909 226967809 226972907 226973149 226983509 227002007 227008994
15 96 29 77 7 80 42 6
10 2 243223572 455
243182864 243185594 243189870 243191303 243191907 243192105 243195936 243203167 243219028 243220752
100 94 96 84 99 71 63 89 79 63
5 3 376036102 490
90221743 375999468 376011082 376030158 376031833
47 94 79 12 2
5 1 26473374 447
26429492 26437906 26447702 26471386 26471622
100 90 85 4 6
8 1 26393129 189
1689081 15859363 17538411 26381423 26381642 26383603 26386732 26392322
89 7 67 45 1 20 13 2
2 1 983404380 837
983330919 983381824
88 15
1 1 1000000000 1000
999900000
100
2 1 786623526 434
154155081 786610156
100 30
10 3 113540683 428
113498274 113499422 113500558 113504850 113505849 113515092 113523188 113528286 113538606 113538781
100 98 96 99 41 3 32 28 38 2
4 2 858436857 468
858395022 858410838 858423682 858431178
96 68 61 56
3 1 347948814 169
347934176 347943806 347947455
95 20 42
8 3 199461023 220
32631340 53809680 61659703 199447691 199453946 199456322 199457544 199457586
100 100 100 60 32 21 15 16
8 1 993444100 595
993393520 993396427 993408680 993415211 993422145 993425966 993432499 993434102
89 13 16 2 38 42 93 16
10 3 808690041 770
808613056 808620797 808623748 808647816 808648220 808655551 808657732 808665570 808669577 808685112
100 90 99 88 70 70 76 88 88 45
9 2 332964975 660
31297254 332904551 332911189 332925378 332925775 332934974 332953436 332954248 332960848
61 97 76 40 6 22 28 79 99
5 2 336494122 309
101733064 336470496 336475800 336478003 336481812
100 77 60 52 39
9 2 135917980 425
5936442 135893891 135896787 135897126 135900489 135903762 135907196 135908003 135909454
100 56 49 49 42 34 26 23 21
10 1 449713444 935
449624027 449624873 449632183 449638820 449640733 449640926 449645079 449677650 449691399 449701029
95 94 86 79 77 77 73 38 23 13
5 1 381996477 487
49391258 381971688 381980546 381986836 381992835
50 62 12 7 7
7 1 961298871 723
961228573 961236327 961257684 961272900 961278268 961294924 961297108
99 31 11 14 13 90 2
3 3 259626385 949
259534994 259559684 259592475
100 84 70
3 1 91685685 640
91641408 91650443 91679174
74 70 8
7 3 859365734 9
148304853 321654840 331627125 384669182 461366992 859365486 859365580
34 47 41 65 85 4 95
7 3 270700997 774
270636244 270642461 270647133 270653719 270670397 270677035 270693621
97 36 68 45 35 9 18
4 1 438706997 98
438697307 438700375 438701251 438702774
100 99 99 51
6 2 374124299 185
6998993 374113288 374114795 374120866 374121687 374123762
95 64 68 18 6 2
6 1 567677720 652
36274125 567620917 567627774 567658565 567668950 567671288
22 99 49 3 90 5
10 3 69084223 723
69040481 69044234 69048037 69053579 69054519 69057098 69068579 69069607 69078183 69083004
9 11 54 75 26 1 93 77 2 20
7 2 953300645 634
953247365 953252681 953253210 953284722 953288197 953291819 953299282
96 82 98 63 19 60 2
5 2 848502190 707
172793983 379084773 462633788 506032628 848499686
10 82 35 45 61
5 3 542845540 984
542748728 542768512 542769330 542773925 542815418
99 79 77 73 31
9 3 813161865 772
13314875 813094946 813095252 813096231 813104893 813113278 813124503 813141130 813155174
18 95 69 99 95 82 66 83 8
4 1 162077854 594
37985263 51059021 68007138 162061118
52 100 11 95
6 2 885484384 429
885452903 885453284 885459152 885463074 885479073 885483734
59 28 24 32 58 1
5 3 753478443 697
753417028 753423246 753446251 753453976 753464308
98 93 81 87 24
5 1 611754700 999
25580059 611704879 611733767 611736158 611741778
100 49 20 18 12
7 1 705587152 585
81843205 208193656 292155819 303023293 705568107 705568312 705582990
100 100 100 100 32 32 7
10 2 251599443 927
2623336 251527356 251530130 251536837 251551656 251556675 251558678 251567613 251572362 251577417
9 80 87 93 29 79 39 9 14 13
5 1 938368552 873
938310434 938312264 938316123 938327214 938361242
97 52 84 37 6
4 3 112984617 484
112940371 112949148 112952223 112971419
93 85 92 70
7 3 985178459 947
985095338 985095709 985105642 985133654 985140727 985140927 985163487
99 93 80 86 80 12 42
8 1 591619897 436
60829573 84659806 235758806 299331398 354378151 473261681 591594047 591609745
46 91 75 2 38 7 3 11
9 1 314444991 166
69112694 76323460 134161291 207050823 207737152 314439461 314442689 314443921 314444200
20 23 54 41 34 33 2 6 4
9 1 402519570 976
402444131 402451890 402458899 402459125 402474185 402484750 402490107 402500805 402509590
5 35 42 39 7 7 42 16 10
8 3 686907919 744
686834395 686840330 686847061 686850347 686853994 686867870 686886693 686905771
99 98 16 99 73 96 85 1
8 3 85104559 413
9890633 85071744 85071810 85076683 85082544 85085073 85099703 85103533
49 64 18 25 4 34 42 44
9 3 869659518 275
869633897 869641333 869641397 869644232 869644578 869646257 869651172 869652869 869659206
100 95 21 15 23 18 9 70 1
9 3 645827870 745
645755396 645774240 645778706 645779378 645787741 645788406 645793889 645796135 645796893
99 35 53 42 52 35 15 93 6
10 2 304272681 458
304231673 304245522 304246844 304249056 304255988 304258559 304259229 304259432 304267678 304271102
42 89 54 49 79 4 1 30 10 5
6 3 271582907 686
19132356 119642176 121962084 271551807 271571630 271572875
73 96 86 99 7 13
3 3 863864543 811
863790259 863831785 863862544
97 81 7
9 1 586604819 326
79511866 136125590 142836256 247927175 256040542 286554815 290677262 586595694 586603654
59 11 100 74 50 81 26 27 39
9 2 599807396 700
599737399 599753768 599757603 599760418 599766535 599774186 599776095 599783848 599802656
100 55 21 36 20 37 71 39 81
8 1 330974569 906
330906836 330917025 330917337 330924559 330933566 330942782 330955103 330969614
88 83 77 35 74 97 79 81
5 1 274636630 891
274551965 274568320 274577553 274598833 274617213
96 76 66 43 21
2 1 344839798 258
344831673 344833544
32 24
7 2 5510383 51
5505686 5507244 5508400 5508568 5509464 5509800 5510184
94 33 6 21 26 11 2
2 2 135059693 165
135050628 135052592
58 37
2 2 255404537 737
255351695 255375933
75 97
2 2 1000000000 1000
1 999999999
100 1
6 3 884623347 688
884566812 884567082 884573014 884577644 884608675 884620949
89 38 75 91 74 48
3 1 574801725 312
574775969 574786071 574786565
82 51 49
10 3 940207091 962
940145967 940146900 940150225 940150793 940155452 940157273 940170461 940177773 940181712 940182704
89 97 97 82 96 55 84 45 40 11
8 2 305410283 458
305367410 305368146 305368557 305369438 305370809 305387626 305395725 305406184
86 35 4 32 37 11 5 58
2 2 657405752 418
657374189 657405270
29 49
10 1 407231187 545
55189626 56803514 191871300 407192016 407194845 407199382 407201876 407211159 407211428 407213091
15 15 19 80 5 11 2 25 13 76
5 1 618687719 768
618624467 618637958 618675768 618676180 618676858
82 66 6 11 30
2 1 622608227 79
622600759 622603263
46 24
5 1 798483806 264
798465509 798474164 798476866 798477634 798477661
98 35 23 1 35
6 3 342047565 743
68905485 76442111 341983639 341997957 342022458 342035432
100 100 87 66 33 17
10 3 606777354 148
606764079 606764204 606764411 606767096 606768821 606768934 606772665 606773561 606776384 606776447
89 88 87 69 57 56 32 26 6 6
5 1 815224739 721
815154597 815159645 815190894 815194863 815218501
100 13 31 54 3
2 2 975012701 146
975008957 975010674
58 57
8 2 782641532 909
782551226 782559797 782565167 782567331 782574250 782577965 782603767 782617591
100 2 100 3 43 6 16 13
3 3 660245432 772
660172384 660195890 660229084
94 65 21
10 2 965149375 973
965059869 965061413 965068029 965069235 965074148 965079495 965107412 965130048 965134663 965144935
99 97 35 34 13 29 2 35 13 66
4 2 353048962 141
71104104 353043783 353047082 353047351
72 77 8 8
8 2 295312650 126
295301083 295301772 295304292 295304299 295307169 295309683 295311900 295312179
96 66 54 11 87 24 5 44
3 2 619508887 893
619436697 619441061 619480606
100 73 78
6 3 805752371 391
39493079 129911180 805733456 805734052 805737636 805737817
23 51 91 61 72 71
4 1 390836840 606
40574177 79073892 390811816 390833395
100 100 41 5
5 2 665378667 646
16851442 665321259 665345788 665365659 665372315
100 89 51 21 10
6 2 738623730 779
738550717 738579727 738582407 738595203 738603469 738606554
98 2 48 10 59 9
4 2 533626977 130
533621424 533623741 533625020 533626635
43 25 16 3
6 3 584123049 14
584122204 584122355 584122534 584122573 584122613 584122655
75 58 29 43 16 9
6 2 470996629 405
470964588 470965735 470973811 470978799 470989099 470995886
80 77 57 45 18 1
10 1 152803161 924
8399921 152734067 152739568 152747835 152752000 152757346 152766381 152774070 152792163 152792830
74 26 7 33 4 34 77 2 16 1
7 3 501985796 813
501905431 501917834 501926219 501927042 501934395 501948369 501976644
100 88 92 77 82 28 68
4 2 732375369 51
732370542 732373354 732375025 732375215
95 40 7 4
8 1 554619530 61
554614082 554614577 554616028 554617362 554617377 554618501 554618839 554618999
91 59 49 5 25 8 3 42
5 1 298965976 863
24676065 60725418 298957630 298959709 298962427
100 100 9 7 5
6 3 932132461 540
19705426 932093313 932100797 932102904 932123425 932130536
100 73 58 55 16 3
